Algorithm: stochastic_gradient_descent
Number of Parameters: 18
Initial Values: [0.18208195 2.5252032  1.6326492  2.3036757  0.36631432 4.402281
 0.3254526  2.9414055  4.233649   2.082637   4.924183   3.5378306
 4.8685293  5.1572547  1.7547463  4.283317   1.7823824  4.126359  ]
Final Values: [0.18023421 2.5252032  1.6326492  2.3032317  0.3658907  4.4034996
 0.3254526  2.9414055  4.233649   2.0826278  4.925333   3.5378306
 4.8684187  5.1572547  1.7547463  4.283317   1.7823824  4.126359  ]
Initial Cost: 0.9904670715332031
Final Cost: 0.9903324842453003
Iterations: 101
Execution Time: 435.8746256828308
