Algorithm: stochastic_gradient_descent
Number of Parameters: 18
Initial Values: [0.18208195 2.5252032  1.6326492  2.3036757  0.36631432 4.402281
 0.3254526  2.9414055  4.233649   2.082637   4.924183   3.5378306
 4.8685293  5.1572547  1.7547463  4.283317   1.7823824  4.126359  ]
Final Values: [0.18023421 2.5252032  1.6326492  2.3032317  0.3658907  4.4034996
 0.3254526  2.9414055  4.233649   2.0826278  4.925333   3.5378306
 4.8684187  5.1572547  1.7547463  4.283317   1.7823824  4.126359  ]
Initial Cost: 0.9904670715332031
Final Cost: 0.9903324842453003
Iterations: 101
Execution Time: 435.8746256828308
Algorithm: stochastic_gradient_descent
Number of Parameters: 22
Initial Values: [1.5001471 4.594796  3.7775934 1.912152  1.6006551 3.9543974 6.072768
 4.649238  2.8382275 2.989105  4.9272385 0.958162  4.186012  2.1006138
 4.959258  2.020922  3.2969368 4.2024503 5.3005877 2.6798308 6.007642
 0.4836605]
Final Values: [1.5001471  4.59473    3.7775934  1.912152   1.6006551  3.9543974
 6.072768   4.649003   2.8382275  2.989105   4.9262195  0.95581037
 4.186012   2.1006138  4.9636807  2.0202246  3.296919   4.202215
 5.3005877  2.6798308  6.007642   0.48580924]
Initial Cost: 0.9449058175086975
Final Cost: 0.9444539546966553
Iterations: 151
Execution Time: 576.8441073894501
