(tensor([1.4227, 2.0958, 0.8950, 4.1870, 2.8062, 1.9454, 5.8821, 3.3802, 0.0919,
        1.5049, 4.7723, 5.6592, 5.0356, 4.6933, 1.4366, 1.8970, 3.5312, 0.4753,
        1.8461, 3.2129, 1.1116, 3.0265, 1.2794, 2.9737, 6.1805, 2.3611, 0.1708,
        4.5168]), tensor(0.9666, grad_fn=<RsubBackward1>), tensor([1.4218, 2.0761, 0.8967, 4.1979, 2.8101, 1.9321, 5.9107, 3.3817, 0.1061,
        1.5012, 4.7845, 5.6607, 5.0347, 4.7075, 1.4383, 1.8832, 3.5454, 0.4768,
        1.9666, 3.1967, 1.1147, 3.0468, 1.3368, 2.9697, 6.2006, 2.3652, 0.1766,
        4.5265], grad_fn=<CopySlices>), 14, tensor(0.7904, grad_fn=<RsubBackward1>))
(tensor([3.6285, 0.5717, 1.3463, 0.2393, 3.4633, 1.5723, 6.1080, 5.0117, 4.5497,
        1.1938, 5.7585, 1.8747, 2.4548, 3.4901, 4.9434, 3.3576, 0.2792, 4.1673,
        3.8621, 2.6452, 4.2201, 5.2078, 4.3327, 5.5728, 5.9729, 0.1138, 2.8426,
        4.2832]), tensor(0.9368, grad_fn=<RsubBackward1>), tensor([ 2.7217,  0.4280,  0.1943,  0.3745,  3.3493,  1.4766,  6.7955,  5.2375,
         4.6558,  0.7024,  5.9003,  2.1004,  2.4367,  3.5962,  3.9115,  3.3380,
         0.3853,  4.3931,  3.5211,  2.5860,  3.9345,  5.3438,  3.9282,  5.4054,
         5.5653, -0.0083,  3.1441,  4.0902], grad_fn=<CopySlices>), 1138, tensor(0.0491, grad_fn=<RsubBackward1>))
